0 1 16 19
1 3 5 15
2 0 1 3
3 5 8 19
4 0 1 5
5 9 16 19
6 2 7 13
7 14 17 18
8 9 11 17
9 0 1 2
10 1 6 16
11 4 9 14
12 2 6 14
13 6 17 19
14 0 6 8
15 2 7 17
16 4 8 11
17 4 9 12
18 5 6 10
19 3 4 16
20 1 9 15
21 4 10 12
22 7 8 18
23 0 8 17
24 2 11 15
25 6 7 18
26 2 10 11
27 0 6 17
28 9 10 14
29 0 9 19
30 1 4 11
31 1 9 12
32 0 7 15
33 2 4 12
34 3 6 17
35 6 10 11
36 1 3 14
37 7 13 15
38 0 2 3
39 4 5 13
40 3 16 17
41 2 6 19
42 3 12 18
43 1 4 8
44 7 8 17
45 11 16 18
46 0 13 18
47 1 6 18
48 0 7 19
49 10 15 19
50 9 12 15
51 7 11 19
52 2 3 7
53 6 10 13
54 3 5 16
55 0 4 16
56 1 3 12
57 2 3 19
58 2 12 17
59 11 12 17
60 2 6 15
61 1 8 14
62 10 11 15
63 3 9 17
64 7 10 11
65 6 8 19
66 12 14 18
67 3 9 16
68 2 7 13
69 0 2 6
70 1 2 11
71 0 4 19
72 1 11 12
73 8 13 15
74 6 7 18
75 5 12 18
76 17 18 19
77 1 12 13
78 0 14 15
79 5 11 17
80 2 4 17
81 8 13 16
82 0 9 15
83 5 8 9
84 2 9 19
85 3 7 12
86 1 2 7
87 11 12 18
88 1 6 17
89 16 18 19
90 5 7 18
91 10 17 19
92 11 12 13
93 8 12 19
94 4 6 14
95 0 5 12
96 9 10 12
97 1 8 15
98 10 12 18
99 3 6 14
