0 1 2 15
1 0 12 16
2 10 11 14
3 4 5 10
4 8 16 19
5 1 4 9
6 12 13 17
7 4 8 17
8 6 12 14
9 9 13 14
10 0 1 9
11 3 10 13
12 4 15 18
13 3 6 17
14 6 9 10
15 3 15 16
16 11 15 17
17 6 7 11
18 1 6 12
19 5 16 19
20 3 15 18
21 15 18 19
22 4 5 10
23 1 17 18
24 9 14 18
25 2 12 19
26 0 12 19
27 1 12 17
28 0 8 10
29 5 7 17
30 1 2 6
31 0 2 6
32 1 16 17
33 5 6 13
34 13 17 18
35 1 10 19
36 3 8 16
37 5 17 19
38 2 8 16
39 0 10 18
40 3 9 13
41 0 3 7
42 5 16 19
43 1 11 16
44 0 5 7
45 2 14 18
46 1 12 13
47 1 7 8
48 5 7 8
49 4 7 15
50 11 13 17
51 3 7 19
52 0 12 16
53 0 8 14
54 2 5 11
55 0 17 18
56 2 16 19
57 2 3 6
58 0 4 11
59 9 13 18
60 0 8 11
61 1 4 7
62 1 4 11
63 4 7 16
64 1 5 14
65 8 11 18
66 9 16 18
67 2 9 14
68 4 13 16
69 5 7 14
70 0 5 10
71 1 8 12
72 2 6 17
73 14 15 17
74 3 4 17
75 7 10 13
76 1 5 16
77 1 4 12
78 0 1 9
79 1 10 16
80 8 10 19
81 9 12 19
82 8 13 19
83 3 5 9
84 5 6 15
85 0 3 16
86 0 2 12
87 1 14 17
88 2 4 6
89 4 11 19
90 10 14 17
91 0 9 11
92 0 3 5
93 5 9 14
94 3 7 19
95 7 8 9
96 3 5 8
97 3 5 6
98 0 1 15
99 0 2 15
