0 0 2 7
1 1 5 7
2 1 4 5
3 1 4 6
4 0 3 6
5 1 4 5
6 2 4 7
7 4 6 7
8 3 6 7
9 0 6 7
10 3 4 6
11 0 1 6
12 0 1 4
13 1 5 7
14 1 3 5
15 0 1 5
16 2 3 6
17 0 4 5
18 1 2 4
19 1 3 6
20 2 3 7
21 1 3 6
22 2 6 7
23 0 2 6
24 1 3 4
25 4 5 6
26 1 3 7
27 0 1 2
28 1 2 6
29 0 1 6
30 2 4 6
31 2 6 7
32 1 2 3
33 1 3 7
34 1 3 4
35 1 2 3
36 0 2 4
37 2 3 4
38 2 4 6
39 0 1 4
40 0 5 6
41 1 3 4
42 4 5 6
43 5 6 7
44 5 6 7
45 0 3 7
46 2 3 6
47 3 5 7
48 3 4 7
49 0 2 3
50 0 2 6
51 3 4 7
52 5 6 7
53 1 6 7
54 3 4 5
55 1 4 5
56 1 5 6
57 1 3 4
58 0 3 5
59 2 4 5
60 0 4 5
61 3 4 7
62 1 4 6
63 1 4 7
64 1 4 7
65 2 6 7
66 2 5 7
67 0 2 7
68 2 4 7
69 1 2 3
70 0 2 6
71 3 5 6
72 0 4 6
73 1 4 6
74 1 4 7
75 1 4 5
76 2 3 6
77 1 3 7
78 4 6 7
79 0 2 6
80 0 3 6
81 0 2 4
82 0 1 7
83 2 4 6
84 1 2 5
85 1 2 6
86 0 1 4
87 1 2 3
88 3 5 7
89 4 6 7
90 2 5 7
91 2 5 6
92 2 5 7
93 3 4 6
94 0 1 5
95 0 1 7
96 2 4 7
97 1 2 7
98 0 1 3
99 1 3 6
